6
26
28
106
108
114
116
120
426
428
434
436
440
458
460
466
468
472
482
484
488
496
1706
1708
1714
1716
1720
1738
1740
1746
1748
1752
1762
1764
1768
1776
1834
1836
1842
1844
1848
1866
1868
1874
1876
1880
1890
1892
1896
1904
1930
1932
1938
1940
1944
1954
1956
1960
1968
1986
1988
1992
2000
2016
6858
6860
6866
6868
6872
6882
6884
6888
6896
6954
6956
6962
6964
6968
6986
6988
6994
6996
7000
7010
7012
7016
7024
7050
7052
7058
7060
7064
7074
7076
7080
7088
7106
7108
7112
7120
7136
7340
7346
7348
7352
7370
7372
7378
7380
7384
7394
7396
7400
7408
7466
7468
7474
7476
7480
7522
7524
7528
7536
7562
7564
7570
7572
7576
7586
7588
7592
7600
7618
7620
7624
7632
7648
7722
7724
7730
7732
7736
7756
7768
7778
7780
7784
7792
7818
7820
7826
7828
7832
7856
7874
7876
7880
7888
7904
7946
7948
7954
7956
7960
7984
8002
8004
8008
8032
8066
8068
8072
8096
8128
