436906
436908
436914
436916
436920
436938
436940
436946
436948
436952
436962
436964
436968
436976
437034
437036
437042
437044
437048
437066
437068
437074
437076
437080
437090
437092
437096
437104
437130
437132
437138
437140
437144
437154
437156
437160
437168
437186
437188
437192
437200
437216
437418
437420
437426
437428
437432
437450
437452
437458
437460
437464
437474
437476
437480
437488
437546
437548
437554
437556
437560
437578
437580
437586
437588
437592
437602
437604
437608
437616
437642
437644
437650
437652
437656
437666
437668
437672
437680
437698
437700
437704
437712
437728
437802
437804
437810
437812
437816
437834
437836
437842
437844
437848
437858
437860
437864
437872
437898
437900
437906
437908
437912
437922
437924
437928
437936
437954
437956
437960
437968
437984
438026
438028
438034
438036
438040
438050
438052
438056
438064
438082
438084
438088
438096
438112
438146
438148
438152
438160
438176
438208
438954
438956
438962
438964
438968
438986
438988
438994
438996
439000
439010
439012
439016
439024
439082
439084
439090
439092
439096
439114
439116
439122
439124
439128
439138
439140
439144
439152
439178
439180
439186
439188
439192
439202
439204
439208
439216
439234
439236
439240
439248
439264
439466
439468
439474
439476
439480
439498
439500
439506
439508
439512
439522
439524
439528
439536
439594
439596
439602
439604
439608
439626
439628
439634
439636
439640
439650
439652
439656
439664
439690
439692
439698
439700
439704
439714
439716
439720
439728
439746
439748
439752
439760
439776
439850
439852
439858
439860
439864
439882
439884
439890
439892
439896
439906
439908
439912
439920
439946
439948
439954
439956
439960
439970
439972
439976
439984
440002
440004
440008
440016
440032
440074
440076
440082
440084
440088
440098
440100
440104
440112
440130
440132
440136
440144
440160
440194
440196
440200
440208
440224
440256
440490
440492
440498
440500
440504
440522
440524
440530
440532
440536
440546
440548
440552
440560
440618
440620
440626
440628
440632
440650
440652
440658
440660
440664
440674
440676
440680
440688
440714
440716
440722
440724
440728
440738
440740
440744
440752
440770
440772
440776
440784
440800
440874
440876
440882
440884
440888
440906
440908
440914
440916
440920
440930
440932
440936
440944
440970
440972
440978
440980
440984
440994
440996
441000
441008
441026
441028
441032
441040
441056
441098
441100
441106
441108
441112
441122
441124
441128
441136
441154
441156
441160
441168
441184
441218
441220
441224
441232
441248
441280
441386
441388
441394
441396
441400
441418
441420
441426
441428
441432
441442
441444
441448
441456
441482
441484
441490
441492
441496
441506
441508
441512
441520
441538
441540
441544
441552
441568
441610
441612
441618
441620
441624
441634
441636
441640
441648
441666
441668
441672
441680
441696
441730
441732
441736
441744
441760
441792
441866
441868
441874
441876
441880
441890
441892
441896
441904
441922
441924
441928
441936
441952
441986
441988
441992
442000
442016
442048
442114
442116
442120
442128
442144
442176
442240
445098
445100
445106
445108
445112
445130
445132
445138
445140
445144
445154
445156
445160
445168
445226
445228
445234
445236
445240
445258
445260
445266
445268
445272
445282
445284
445288
445296
445322
445324
445330
445332
445336
445346
445348
445352
445360
445378
445380
445384
445392
445408
445610
445612
445618
445620
445624
445642
445644
445650
445652
445656
445666
445668
445672
445680
445738
445740
445746
445748
445752
445770
445772
445778
445780
445784
445794
445796
445800
445808
445834
445836
445842
445844
445848
445858
445860
445864
445872
445890
445892
445896
445904
445920
445994
445996
446002
446004
446008
446026
446028
446034
446036
446040
446050
446052
446056
446064
446090
446092
446098
446100
446104
446114
446116
446120
446128
446146
446148
446152
446160
446176
446218
446220
446226
446228
446232
446242
446244
446248
446256
446274
446276
446280
446288
446304
446338
446340
446344
446352
446368
446400
447146
447148
447154
447156
447160
447178
447180
447186
447188
447192
447202
447204
447208
447216
447274
447276
447282
447284
447288
447306
447308
447314
447316
447320
447330
447332
447336
447344
447370
447372
447378
447380
447384
447394
447396
447400
447408
447426
447428
447432
447440
447456
447658
447660
447666
447668
447672
447690
447692
447698
447700
447704
447714
447716
447720
447728
447786
447788
447794
447796
447800
447818
447820
447826
447828
447832
447842
447844
447848
447856
447882
447884
447890
447892
447896
447906
447908
447912
447920
447938
447940
447944
447952
447968
448042
448044
448050
448052
448056
448074
448076
448082
448084
448088
448098
448100
448104
448112
448138
448140
448146
448148
448152
448162
448164
448168
448176
448194
448196
448200
448208
448224
448266
448268
448274
448276
448280
448290
448292
448296
448304
448322
448324
448328
448336
448352
448386
448388
448392
448400
448416
448448
448682
448684
448690
448692
448696
448714
448716
448722
448724
448728
448738
448740
448744
448752
448810
448812
448818
448820
448824
448842
448844
448850
448852
448856
448866
448868
448872
448880
448906
448908
448914
448916
448920
448930
448932
448936
448944
448962
448964
448968
448976
448992
449066
449068
449074
449076
449080
449098
449100
449106
449108
449112
449122
449124
449128
449136
449162
449164
449170
449172
449176
449186
449188
449192
449200
449218
449220
449224
449232
449248
449290
449292
449298
449300
449304
449314
449316
449320
449328
449346
449348
449352
449360
449376
449410
449412
449416
449424
449440
449472
449578
449580
449586
449588
449592
449610
449612
449618
449620
449624
449634
449636
449640
449648
449674
449676
449682
449684
449688
449698
449700
449704
449712
449730
449732
449736
449744
449760
449802
449804
449810
449812
449816
449826
449828
449832
449840
449858
449860
449864
449872
449888
449922
449924
449928
449936
449952
449984
450058
450060
450066
450068
450072
450082
450084
450088
450096
450114
450116
450120
450128
450144
450178
450180
450184
450192
450208
450240
450306
450308
450312
450320
450336
450368
450432
451242
451244
451250
451252
451256
451274
451276
451282
451284
451288
451298
451300
451304
451312
451370
451372
451378
451380
451384
451402
451404
451410
451412
451416
451426
451428
451432
451440
451466
451468
451474
451476
451480
451490
451492
451496
451504
451522
451524
451528
451536
451552
451754
451756
451762
451764
451768
451786
451788
451794
451796
451800
451810
451812
451816
451824
451882
451884
451890
451892
451896
451914
451916
451922
451924
451928
451938
451940
451944
451952
451978
451980
451986
451988
451992
452002
452004
452008
452016
452034
452036
452040
452048
452064
452138
452140
452146
452148
452152
452170
452172
452178
452180
452184
452194
452196
452200
452208
452234
452236
452242
452244
452248
452258
452260
452264
452272
452290
452292
452296
452304
452320
452362
452364
452370
452372
452376
452386
452388
452392
452400
452418
452420
452424
452432
452448
452482
452484
452488
452496
452512
452544
452778
452780
452786
452788
452792
452810
452812
452818
452820
452824
452834
452836
452840
452848
452906
452908
452914
452916
452920
452938
452940
452946
452948
452952
452962
452964
452968
452976
453002
453004
453010
453012
453016
453026
453028
453032
453040
453058
453060
453064
453072
453088
453162
453164
453170
453172
453176
453194
453196
453202
453204
453208
453218
453220
453224
453232
453258
453260
453266
453268
453272
453282
453284
453288
453296
453314
453316
453320
453328
453344
453386
453388
453394
453396
453400
453410
453412
453416
453424
453442
453444
453448
453456
453472
453506
453508
453512
453520
453536
453568
453674
453676
453682
453684
453688
453706
453708
453714
453716
453720
453730
453732
453736
453744
453770
453772
453778
453780
453784
453794
453796
453800
453808
453826
453828
453832
453840
453856
453898
453900
453906
453908
453912
453922
453924
453928
453936
453954
453956
453960
453968
453984
454018
454020
454024
454032
454048
454080
454154
454156
454162
454164
454168
454178
454180
454184
454192
454210
454212
454216
454224
454240
454274
454276
454280
454288
454304
454336
454402
454404
454408
454416
454432
454464
454528
454826
454828
454834
454836
454840
454858
454860
454866
454868
454872
454882
454884
454888
454896
454954
454956
454962
454964
454968
454986
454988
454994
454996
455000
455010
455012
455016
455024
455050
455052
455058
455060
455064
455074
455076
455080
455088
455106
455108
455112
455120
455136
455210
455212
455218
455220
455224
455242
455244
455250
455252
455256
455266
455268
455272
455280
455306
455308
455314
455316
455320
455330
455332
455336
455344
455362
455364
455368
455376
455392
455434
455436
455442
455444
455448
455458
455460
455464
455472
455490
455492
455496
455504
455520
455554
455556
455560
455568
455584
455616
455722
455724
455730
455732
455736
455754
455756
455762
455764
455768
455778
455780
455784
455792
455818
455820
455826
455828
455832
455842
455844
455848
455856
455874
455876
455880
455888
455904
455946
455948
455954
455956
455960
455970
455972
455976
455984
456002
456004
456008
456016
456032
456066
456068
456072
456080
456096
456128
456202
456204
456210
456212
456216
456226
456228
456232
456240
456258
456260
456264
456272
456288
456322
456324
456328
456336
456352
456384
456450
456452
456456
456464
456480
456512
456576
456746
456748
456754
456756
456760
456778
456780
456786
456788
456792
456802
456804
456808
456816
456842
456844
456850
456852
456856
456866
456868
456872
456880
456898
456900
456904
456912
456928
456970
456972
456978
456980
456984
456994
456996
457000
457008
457026
457028
457032
457040
457056
457090
457092
457096
457104
457120
457152
457226
457228
457234
457236
457240
457250
457252
457256
457264
457282
457284
457288
457296
457312
457346
457348
457352
457360
457376
457408
457474
457476
457480
457488
457504
457536
457600
457738
457740
457746
457748
457752
457762
457764
457768
457776
457794
457796
457800
457808
457824
457858
457860
457864
457872
457888
457920
457986
457988
457992
458000
458016
458048
458112
458242
458244
458248
458256
458272
458304
458368
458496
469674
469676
469682
469684
469688
469706
469708
469714
469716
469720
469730
469732
469736
469744
469802
469804
469810
469812
469816
469834
469836
469842
469844
469848
469858
469860
469864
469872
469898
469900
469906
469908
469912
469922
469924
469928
469936
469954
469956
469960
469968
469984
470186
470188
470194
470196
470200
470218
470220
470226
470228
470232
470242
470244
470248
470256
470314
470316
470322
470324
470328
470346
470348
470354
470356
470360
470370
470372
470376
470384
470410
470412
470418
470420
470424
470434
470436
470440
470448
470466
470468
470472
470480
470496
470570
470572
470578
470580
470584
470602
470604
470610
470612
470616
470626
470628
470632
470640
470666
470668
470674
470676
470680
470690
470692
470696
470704
470722
470724
470728
470736
470752
470794
470796
470802
470804
470808
470818
470820
470824
470832
470850
470852
470856
470864
470880
470914
470916
470920
470928
470944
470976
471722
471724
471730
471732
471736
471754
471756
471762
471764
471768
471778
471780
471784
471792
471850
471852
471858
471860
471864
471882
471884
471890
471892
471896
471906
471908
471912
471920
471946
471948
471954
471956
471960
471970
471972
471976
471984
472002
472004
472008
472016
472032
472234
472236
472242
472244
472248
472266
472268
472274
472276
472280
472290
472292
472296
472304
472362
472364
472370
472372
472376
472394
472396
472402
472404
472408
472418
472420
472424
472432
472458
472460
472466
472468
472472
472482
472484
472488
472496
472514
472516
472520
472528
472544
472618
472620
472626
472628
472632
472650
472652
472658
472660
472664
472674
472676
472680
472688
472714
472716
472722
472724
472728
472738
472740
472744
472752
472770
472772
472776
472784
472800
472842
472844
472850
472852
472856
472866
472868
472872
472880
472898
472900
472904
472912
472928
472962
472964
472968
472976
472992
473024
473258
473260
473266
473268
473272
473290
473292
473298
473300
473304
473314
473316
473320
473328
473386
473388
473394
473396
473400
473418
473420
473426
473428
473432
473442
473444
473448
473456
473482
473484
473490
473492
473496
473506
473508
473512
473520
473538
473540
473544
473552
473568
473642
473644
473650
473652
473656
473674
473676
473682
473684
473688
473698
473700
473704
473712
473738
473740
473746
473748
473752
473762
473764
473768
473776
473794
473796
473800
473808
473824
473866
473868
473874
473876
473880
473890
473892
473896
473904
473922
473924
473928
473936
473952
473986
473988
473992
474000
474016
474048
474154
474156
474162
474164
474168
474186
474188
474194
474196
474200
474210
474212
474216
474224
474250
474252
474258
474260
474264
474274
474276
474280
474288
474306
474308
474312
474320
474336
474378
474380
474386
474388
474392
474402
474404
474408
474416
474434
474436
474440
474448
474464
474498
474500
474504
474512
474528
474560
474634
474636
474642
474644
474648
474658
474660
474664
474672
474690
474692
474696
474704
474720
474754
474756
474760
474768
474784
474816
474882
474884
474888
474896
474912
474944
475008
477866
477868
477874
477876
477880
477898
477900
477906
477908
477912
477922
477924
477928
477936
477994
477996
478002
478004
478008
478026
478028
478034
478036
478040
478050
478052
478056
478064
478090
478092
478098
478100
478104
478114
478116
478120
478128
478146
478148
478152
478160
478176
478378
478380
478386
478388
478392
478410
478412
478418
478420
478424
478434
478436
478440
478448
478506
478508
478514
478516
478520
478538
478540
478546
478548
478552
478562
478564
478568
478576
478602
478604
478610
478612
478616
478626
478628
478632
478640
478658
478660
478664
478672
478688
478762
478764
478770
478772
478776
478794
478796
478802
478804
478808
478818
478820
478824
478832
478858
478860
478866
478868
478872
478882
478884
478888
478896
478914
478916
478920
478928
478944
478986
478988
478994
478996
479000
479010
479012
479016
479024
479042
479044
479048
479056
479072
479106
479108
479112
479120
479136
479168
479914
479916
479922
479924
479928
479946
479948
479954
479956
479960
479970
479972
479976
479984
480042
480044
480050
480052
480056
480074
480076
480082
480084
480088
480098
480100
480104
480112
480138
480140
480146
480148
480152
480162
480164
480168
480176
480194
480196
480200
480208
480224
480426
480428
480434
480436
480440
480458
480460
480466
480468
480472
480482
480484
480488
480496
480554
480556
480562
480564
480568
480586
480588
480594
480596
480600
480610
480612
480616
480624
480650
480652
480658
480660
480664
480674
480676
480680
480688
480706
480708
480712
480720
480736
480810
480812
480818
480820
480824
480842
480844
480850
480852
480856
480866
480868
480872
480880
480906
480908
480914
480916
480920
480930
480932
480936
480944
480962
480964
480968
480976
480992
481034
481036
481042
481044
481048
481058
481060
481064
481072
481090
481092
481096
481104
481120
481154
481156
481160
481168
481184
481216
481450
481452
481458
481460
481464
481482
481484
481490
481492
481496
481506
481508
481512
481520
481578
481580
481586
481588
481592
481610
481612
481618
481620
481624
481634
481636
481640
481648
481674
481676
481682
481684
481688
481698
481700
481704
481712
481730
481732
481736
481744
481760
481834
481836
481842
481844
481848
481866
481868
481874
481876
481880
481890
481892
481896
481904
481930
481932
481938
481940
481944
481954
481956
481960
481968
481986
481988
481992
482000
482016
482058
482060
482066
482068
482072
482082
482084
482088
482096
482114
482116
482120
482128
482144
482178
482180
482184
482192
482208
482240
482346
482348
482354
482356
482360
482378
482380
482386
482388
482392
482402
482404
482408
482416
482442
482444
482450
482452
482456
482466
482468
482472
482480
482498
482500
482504
482512
482528
482570
482572
482578
482580
482584
482594
482596
482600
482608
482626
482628
482632
482640
482656
482690
482692
482696
482704
482720
482752
482826
482828
482834
482836
482840
482850
482852
482856
482864
482882
482884
482888
482896
482912
482946
482948
482952
482960
482976
483008
483074
483076
483080
483088
483104
483136
483200
484010
484012
484018
484020
484024
484042
484044
484050
484052
484056
484066
484068
484072
484080
484138
484140
484146
484148
484152
484170
484172
484178
484180
484184
484194
484196
484200
484208
484234
484236
484242
484244
484248
484258
484260
484264
484272
484290
484292
484296
484304
484320
484522
484524
484530
484532
484536
484554
484556
484562
484564
484568
484578
484580
484584
484592
484650
484652
484658
484660
484664
484682
484684
484690
484692
484696
484706
484708
484712
484720
484746
484748
484754
484756
484760
484770
484772
484776
484784
484802
484804
484808
484816
484832
484906
484908
484914
484916
484920
484938
484940
484946
484948
484952
484962
484964
484968
484976
485002
485004
485010
485012
485016
485026
485028
485032
485040
485058
485060
485064
485072
485088
485130
485132
485138
485140
485144
485154
485156
485160
485168
485186
485188
485192
485200
485216
485250
485252
485256
485264
485280
485312
485546
485548
485554
485556
485560
485578
485580
485586
485588
485592
485602
485604
485608
485616
485674
485676
485682
485684
485688
485706
485708
485714
485716
485720
485730
485732
485736
485744
485770
485772
485778
485780
485784
485794
485796
485800
485808
485826
485828
485832
485840
485856
485930
485932
485938
485940
485944
485962
485964
485970
485972
485976
485986
485988
485992
486000
486026
486028
486034
486036
486040
486050
486052
486056
486064
486082
486084
486088
486096
486112
486154
486156
486162
486164
486168
486178
486180
486184
486192
486210
486212
486216
486224
486240
486274
486276
486280
486288
486304
486336
486442
486444
486450
486452
486456
486474
486476
486482
486484
486488
486498
486500
486504
486512
486538
486540
486546
486548
486552
486562
486564
486568
486576
486594
486596
486600
486608
486624
486666
486668
486674
486676
486680
486690
486692
486696
486704
486722
486724
486728
486736
486752
486786
486788
486792
486800
486816
486848
486922
486924
486930
486932
486936
486946
486948
486952
486960
486978
486980
486984
486992
487008
487042
487044
487048
487056
487072
487104
487170
487172
487176
487184
487200
487232
487296
487594
487596
487602
487604
487608
487626
487628
487634
487636
487640
487650
487652
487656
487664
487722
487724
487730
487732
487736
487754
487756
487762
487764
487768
487778
487780
487784
487792
487818
487820
487826
487828
487832
487842
487844
487848
487856
487874
487876
487880
487888
487904
487978
487980
487986
487988
487992
488010
488012
488018
488020
488024
488034
488036
488040
488048
488074
488076
488082
488084
488088
488098
488100
488104
488112
488130
488132
488136
488144
488160
488202
488204
488210
488212
488216
488226
488228
488232
488240
488258
488260
488264
488272
488288
488322
488324
488328
488336
488352
488384
488490
488492
488498
488500
488504
488522
488524
488530
488532
488536
488546
488548
488552
488560
488586
488588
488594
488596
488600
488610
488612
488616
488624
488642
488644
488648
488656
488672
488714
488716
488722
488724
488728
488738
488740
488744
488752
488770
488772
488776
488784
488800
488834
488836
488840
488848
488864
488896
488970
488972
488978
488980
488984
488994
488996
489000
489008
489026
489028
489032
489040
489056
489090
489092
489096
489104
489120
489152
489218
489220
489224
489232
489248
489280
489344
489514
489516
489522
489524
489528
489546
489548
489554
489556
489560
489570
489572
489576
489584
489610
489612
489618
489620
489624
489634
489636
489640
489648
489666
489668
489672
489680
489696
489738
489740
489746
489748
489752
489762
489764
489768
489776
489794
489796
489800
489808
489824
489858
489860
489864
489872
489888
489920
489994
489996
490002
490004
490008
490018
490020
490024
490032
490050
490052
490056
490064
490080
490114
490116
490120
490128
490144
490176
490242
490244
490248
490256
490272
490304
490368
490506
490508
490514
490516
490520
490530
490532
490536
490544
490562
490564
490568
490576
490592
490626
490628
490632
490640
490656
490688
490754
490756
490760
490768
490784
490816
490880
491010
491012
491016
491024
491040
491072
491136
491264
494250
494252
494258
494260
494264
494282
494284
494290
494292
494296
494306
494308
494312
494320
494378
494380
494386
494388
494392
494410
494412
494418
494420
494424
494434
494436
494440
494448
494474
494476
494482
494484
494488
494498
494500
494504
494512
494530
494532
494536
494544
494560
494762
494764
494770
494772
494776
494794
494796
494802
494804
494808
494818
494820
494824
494832
494890
494892
494898
494900
494904
494922
494924
494930
494932
494936
494946
494948
494952
494960
494986
494988
494994
494996
495000
495010
495012
495016
495024
495042
495044
495048
495056
495072
495146
495148
495154
495156
495160
495178
495180
495186
495188
495192
495202
495204
495208
495216
495242
495244
495250
495252
495256
495266
495268
495272
495280
495298
495300
495304
495312
495328
495370
495372
495378
495380
495384
495394
495396
495400
495408
495426
495428
495432
495440
495456
495490
495492
495496
495504
495520
495552
496298
496300
496306
496308
496312
496330
496332
496338
496340
496344
496354
496356
496360
496368
496426
496428
496434
496436
496440
496458
496460
496466
496468
496472
496482
496484
496488
496496
496522
496524
496530
496532
496536
496546
496548
496552
496560
496578
496580
496584
496592
496608
496810
496812
496818
496820
496824
496842
496844
496850
496852
496856
496866
496868
496872
496880
496938
496940
496946
496948
496952
496970
496972
496978
496980
496984
496994
496996
497000
497008
497034
497036
497042
497044
497048
497058
497060
497064
497072
497090
497092
497096
497104
497120
497194
497196
497202
497204
497208
497226
497228
497234
497236
497240
497250
497252
497256
497264
497290
497292
497298
497300
497304
497314
497316
497320
497328
497346
497348
497352
497360
497376
497418
497420
497426
497428
497432
497442
497444
497448
497456
497474
497476
497480
497488
497504
497538
497540
497544
497552
497568
497600
497834
497836
497842
497844
497848
497866
497868
497874
497876
497880
497890
497892
497896
497904
497962
497964
497970
497972
497976
497994
497996
498002
498004
498008
498018
498020
498024
498032
498058
498060
498066
498068
498072
498082
498084
498088
498096
498114
498116
498120
498128
498144
498218
498220
498226
498228
498232
498250
498252
498258
498260
498264
498274
498276
498280
498288
498314
498316
498322
498324
498328
498338
498340
498344
498352
498370
498372
498376
498384
498400
498442
498444
498450
498452
498456
498466
498468
498472
498480
498498
498500
498504
498512
498528
498562
498564
498568
498576
498592
498624
498730
498732
498738
498740
498744
498762
498764
498770
498772
498776
498786
498788
498792
498800
498826
498828
498834
498836
498840
498850
498852
498856
498864
498882
498884
498888
498896
498912
498954
498956
498962
498964
498968
498978
498980
498984
498992
499010
499012
499016
499024
499040
499074
499076
499080
499088
499104
499136
499210
499212
499218
499220
499224
499234
499236
499240
499248
499266
499268
499272
499280
499296
499330
499332
499336
499344
499360
499392
499458
499460
499464
499472
499488
499520
499584
500394
500396
500402
500404
500408
500426
500428
500434
500436
500440
500450
500452
500456
500464
500522
500524
500530
500532
500536
500554
500556
500562
500564
500568
500578
500580
500584
500592
500618
500620
500626
500628
500632
500642
500644
500648
500656
500674
500676
500680
500688
500704
500906
500908
500914
500916
500920
500938
500940
500946
500948
500952
500962
500964
500968
500976
501034
501036
501042
501044
501048
501066
501068
501074
501076
501080
501090
501092
501096
501104
501130
501132
501138
501140
501144
501154
501156
501160
501168
501186
501188
501192
501200
501216
501290
501292
501298
501300
501304
501322
501324
501330
501332
501336
501346
501348
501352
501360
501386
501388
501394
501396
501400
501410
501412
501416
501424
501442
501444
501448
501456
501472
501514
501516
501522
501524
501528
501538
501540
501544
501552
501570
501572
501576
501584
501600
501634
501636
501640
501648
501664
501696
501930
501932
501938
501940
501944
501962
501964
501970
501972
501976
501986
501988
501992
502000
502058
502060
502066
502068
502072
502090
502092
502098
502100
502104
502114
502116
502120
502128
502154
502156
502162
502164
502168
502178
502180
502184
502192
502210
502212
502216
502224
502240
502314
502316
502322
502324
502328
502346
502348
502354
502356
502360
502370
502372
502376
502384
502410
502412
502418
502420
502424
502434
502436
502440
502448
502466
502468
502472
502480
502496
502538
502540
502546
502548
502552
502562
502564
502568
502576
502594
502596
502600
502608
502624
502658
502660
502664
502672
502688
502720
502826
502828
502834
502836
502840
502858
502860
502866
502868
502872
502882
502884
502888
502896
502922
502924
502930
502932
502936
502946
502948
502952
502960
502978
502980
502984
502992
503008
503050
503052
503058
503060
503064
503074
503076
503080
503088
503106
503108
503112
503120
503136
503170
503172
503176
503184
503200
503232
503306
503308
503314
503316
503320
503330
503332
503336
503344
503362
503364
503368
503376
503392
503426
503428
503432
503440
503456
503488
503554
503556
503560
503568
503584
503616
503680
503978
503980
503986
503988
503992
504010
504012
504018
504020
504024
504034
504036
504040
504048
504106
504108
504114
504116
504120
504138
504140
504146
504148
504152
504162
504164
504168
504176
504202
504204
504210
504212
504216
504226
504228
504232
504240
504258
504260
504264
504272
504288
504362
504364
504370
504372
504376
504394
504396
504402
504404
504408
504418
504420
504424
504432
504458
504460
504466
504468
504472
504482
504484
504488
504496
504514
504516
504520
504528
504544
504586
504588
504594
504596
504600
504610
504612
504616
504624
504642
504644
504648
504656
504672
504706
504708
504712
504720
504736
504768
504874
504876
504882
504884
504888
504906
504908
504914
504916
504920
504930
504932
504936
504944
504970
504972
504978
504980
504984
504994
504996
505000
505008
505026
505028
505032
505040
505056
505098
505100
505106
505108
505112
505122
505124
505128
505136
505154
505156
505160
505168
505184
505218
505220
505224
505232
505248
505280
505354
505356
505362
505364
505368
505378
505380
505384
505392
505410
505412
505416
505424
505440
505474
505476
505480
505488
505504
505536
505602
505604
505608
505616
505632
505664
505728
505898
505900
505906
505908
505912
505930
505932
505938
505940
505944
505954
505956
505960
505968
505994
505996
506002
506004
506008
506018
506020
506024
506032
506050
506052
506056
506064
506080
506122
506124
506130
506132
506136
506146
506148
506152
506160
506178
506180
506184
506192
506208
506242
506244
506248
506256
506272
506304
506378
506380
506386
506388
506392
506402
506404
506408
506416
506434
506436
506440
506448
506464
506498
506500
506504
506512
506528
506560
506626
506628
506632
506640
506656
506688
506752
506890
506892
506898
506900
506904
506914
506916
506920
506928
506946
506948
506952
506960
506976
507010
507012
507016
507024
507040
507072
507138
507140
507144
507152
507168
507200
507264
507394
507396
507400
507408
507424
507456
507520
507648
508586
508588
508594
508596
508600
508618
508620
508626
508628
508632
508642
508644
508648
508656
508714
508716
508722
508724
508728
508746
508748
508754
508756
508760
508770
508772
508776
508784
508810
508812
508818
508820
508824
508834
508836
508840
508848
508866
508868
508872
508880
508896
509098
509100
509106
509108
509112
509130
509132
509138
509140
509144
509154
509156
509160
509168
509226
509228
509234
509236
509240
509258
509260
509266
509268
509272
509282
509284
509288
509296
509322
509324
509330
509332
509336
509346
509348
509352
509360
509378
509380
509384
509392
509408
509482
509484
509490
509492
509496
509514
509516
509522
509524
509528
509538
509540
509544
509552
509578
509580
509586
509588
509592
509602
509604
509608
509616
509634
509636
509640
509648
509664
509706
509708
509714
509716
509720
509730
509732
509736
509744
509762
509764
509768
509776
509792
509826
509828
509832
509840
509856
509888
510122
510124
510130
510132
510136
510154
510156
510162
510164
510168
510178
510180
510184
510192
510250
510252
510258
510260
510264
510282
510284
510290
510292
510296
510306
510308
510312
510320
510346
510348
510354
510356
510360
510370
510372
510376
510384
510402
510404
510408
510416
510432
510506
510508
510514
510516
510520
510538
510540
510546
510548
510552
510562
510564
510568
510576
510602
510604
510610
510612
510616
510626
510628
510632
510640
510658
510660
510664
510672
510688
510730
510732
510738
510740
510744
510754
510756
510760
510768
510786
510788
510792
510800
510816
510850
510852
510856
510864
510880
510912
511018
511020
511026
511028
511032
511050
511052
511058
511060
511064
511074
511076
511080
511088
511114
511116
511122
511124
511128
511138
511140
511144
511152
511170
511172
511176
511184
511200
511242
511244
511250
511252
511256
511266
511268
511272
511280
511298
511300
511304
511312
511328
511362
511364
511368
511376
511392
511424
511498
511500
511506
511508
511512
511522
511524
511528
511536
511554
511556
511560
511568
511584
511618
511620
511624
511632
511648
511680
511746
511748
511752
511760
511776
511808
511872
512170
512172
512178
512180
512184
512202
512204
512210
512212
512216
512226
512228
512232
512240
512298
512300
512306
512308
512312
512330
512332
512338
512340
512344
512354
512356
512360
512368
512394
512396
512402
512404
512408
512418
512420
512424
512432
512450
512452
512456
512464
512480
512554
512556
512562
512564
512568
512586
512588
512594
512596
512600
512610
512612
512616
512624
512650
512652
512658
512660
512664
512674
512676
512680
512688
512706
512708
512712
512720
512736
512778
512780
512786
512788
512792
512802
512804
512808
512816
512834
512836
512840
512848
512864
512898
512900
512904
512912
512928
512960
513066
513068
513074
513076
513080
513098
513100
513106
513108
513112
513122
513124
513128
513136
513162
513164
513170
513172
513176
513186
513188
513192
513200
513218
513220
513224
513232
513248
513290
513292
513298
513300
513304
513314
513316
513320
513328
513346
513348
513352
513360
513376
513410
513412
513416
513424
513440
513472
513546
513548
513554
513556
513560
513570
513572
513576
513584
513602
513604
513608
513616
513632
513666
513668
513672
513680
513696
513728
513794
513796
513800
513808
513824
513856
513920
514090
514092
514098
514100
514104
514122
514124
514130
514132
514136
514146
514148
514152
514160
514186
514188
514194
514196
514200
514210
514212
514216
514224
514242
514244
514248
514256
514272
514314
514316
514322
514324
514328
514338
514340
514344
514352
514370
514372
514376
514384
514400
514434
514436
514440
514448
514464
514496
514570
514572
514578
514580
514584
514594
514596
514600
514608
514626
514628
514632
514640
514656
514690
514692
514696
514704
514720
514752
514818
514820
514824
514832
514848
514880
514944
515082
515084
515090
515092
515096
515106
515108
515112
515120
515138
515140
515144
515152
515168
515202
515204
515208
515216
515232
515264
515330
515332
515336
515344
515360
515392
515456
515586
515588
515592
515600
515616
515648
515712
515840
516266
516268
516274
516276
516280
516298
516300
516306
516308
516312
516322
516324
516328
516336
516394
516396
516402
516404
516408
516426
516428
516434
516436
516440
516450
516452
516456
516464
516490
516492
516498
516500
516504
516514
516516
516520
516528
516546
516548
516552
516560
516576
516650
516652
516658
516660
516664
516682
516684
516690
516692
516696
516706
516708
516712
516720
516746
516748
516754
516756
516760
516770
516772
516776
516784
516802
516804
516808
516816
516832
516874
516876
516882
516884
516888
516898
516900
516904
516912
516930
516932
516936
516944
516960
516994
516996
517000
517008
517024
517056
517162
517164
517170
517172
517176
517194
517196
517202
517204
517208
517218
517220
517224
517232
517258
517260
517266
517268
517272
517282
517284
517288
517296
517314
517316
517320
517328
517344
517386
517388
517394
517396
517400
517410
517412
517416
517424
517442
517444
517448
517456
517472
517506
517508
517512
517520
517536
517568
517642
517644
517650
517652
517656
517666
517668
517672
517680
517698
517700
517704
517712
517728
517762
517764
517768
517776
517792
517824
517890
517892
517896
517904
517920
517952
518016
518186
518188
518194
518196
518200
518218
518220
518226
518228
518232
518242
518244
518248
518256
518282
518284
518290
518292
518296
518306
518308
518312
518320
518338
518340
518344
518352
518368
518410
518412
518418
518420
518424
518434
518436
518440
518448
518466
518468
518472
518480
518496
518530
518532
518536
518544
518560
518592
518666
518668
518674
518676
518680
518690
518692
518696
518704
518722
518724
518728
518736
518752
518786
518788
518792
518800
518816
518848
518914
518916
518920
518928
518944
518976
519040
519178
519180
519186
519188
519192
519202
519204
519208
519216
519234
519236
519240
519248
519264
519298
519300
519304
519312
519328
519360
519426
519428
519432
519440
519456
519488
519552
519682
519684
519688
519696
519712
519744
519808
519936
520234
520236
520242
520244
520248
520266
520268
520274
520276
520280
520290
520292
520296
520304
520330
520332
520338
520340
520344
520354
520356
520360
520368
520386
520388
520392
520400
520416
520458
520460
520466
520468
520472
520482
520484
520488
520496
520514
520516
520520
520528
520544
520578
520580
520584
520592
520608
520640
520714
520716
520722
520724
520728
520738
520740
520744
520752
520770
520772
520776
520784
520800
520834
520836
520840
520848
520864
520896
520962
520964
520968
520976
520992
521024
521088
521226
521228
521234
521236
521240
521250
521252
521256
521264
521282
521284
521288
521296
521312
521346
521348
521352
521360
521376
521408
521474
521476
521480
521488
521504
521536
521600
521730
521732
521736
521744
521760
521792
521856
521984
522250
522252
522258
522260
522264
522274
522276
522280
522288
522306
522308
522312
522320
522336
522370
522372
522376
522384
522400
522432
522498
522500
522504
522512
522528
522560
522624
522754
522756
522760
522768
522784
522816
522880
523008
523266
523268
523272
523280
523296
523328
523392
523520
523776
