6826
6828
6834
6836
6840
6858
6860
6866
6868
6872
6882
6884
6888
6896
6954
6956
6962
6964
6968
6986
6988
6994
6996
7000
7010
7012
7016
7024
7050
7052
7058
7060
7064
7074
7076
7080
7088
7106
7108
7112
7120
7136
7338
7340
7346
7348
7352
7370
7372
7378
7380
7384
7394
7396
7400
7408
7466
7468
7474
7476
7480
7498
7500
7506
7508
7512
7522
7524
7528
7536
7562
7564
7570
7572
7576
7586
7588
7592
7600
7618
7620
7624
7632
7648
7722
7724
7730
7732
7736
7754
7756
7762
7764
7768
7778
7780
7784
7792
7818
7820
7826
7828
7832
7842
7844
7848
7856
7874
7876
7880
7888
7904
7946
7948
7954
7956
7960
7970
7972
7976
7984
8002
8004
8008
8016
8032
8066
8068
8072
8080
8096
8128
