27306
27308
27314
27316
27320
27338
27340
27346
27348
27352
27362
27364
27368
27376
27434
27436
27442
27444
27448
27466
27468
27474
27476
27480
27490
27492
27496
27504
27530
27532
27538
27540
27544
27554
27556
27560
27568
27586
27588
27592
27600
27616
27818
27820
27826
27828
27832
27850
27852
27858
27860
27864
27874
27876
27880
27888
27946
27948
27954
27956
27960
27978
27980
27986
27988
27992
28002
28004
28008
28016
28042
28044
28050
28052
28056
28066
28068
28072
28080
28098
28100
28104
28112
28128
28202
28204
28210
28212
28216
28234
28236
28242
28244
28248
28258
28260
28264
28272
28298
28300
28306
28308
28312
28322
28324
28328
28336
28354
28356
28360
28368
28384
28426
28428
28434
28436
28440
28450
28452
28456
28464
28482
28484
28488
28496
28512
28546
28548
28552
28560
28576
28608
29354
29356
29362
29364
29368
29386
29388
29394
29396
29400
29410
29412
29416
29424
29482
29484
29490
29492
29496
29514
29516
29522
29524
29528
29538
29540
29544
29552
29578
29580
29586
29588
29592
29602
29604
29608
29616
29634
29636
29640
29648
29664
29866
29868
29874
29876
29880
29898
29900
29906
29908
29912
29922
29924
29928
29936
29994
29996
30002
30004
30008
30026
30028
30034
30036
30040
30050
30052
30056
30064
30090
30092
30098
30100
30104
30114
30116
30120
30128
30146
30148
30152
30160
30176
30250
30252
30258
30260
30264
30282
30284
30290
30292
30296
30306
30308
30312
30320
30346
30348
30354
30356
30360
30370
30372
30376
30384
30402
30404
30408
30416
30432
30474
30476
30482
30484
30488
30498
30500
30504
30512
30530
30532
30536
30544
30560
30594
30596
30600
30608
30624
30656
30890
30892
30898
30900
30904
30922
30924
30930
30932
30936
30946
30948
30952
30960
31018
31020
31026
31028
31032
31050
31052
31058
31060
31064
31074
31076
31080
31088
31114
31116
31122
31124
31128
31138
31140
31144
31152
31170
31172
31176
31184
31200
31274
31276
31282
31284
31288
31306
31308
31314
31316
31320
31330
31332
31336
31344
31370
31372
31378
31380
31384
31394
31396
31400
31408
31426
31428
31432
31440
31456
31498
31500
31506
31508
31512
31522
31524
31528
31536
31554
31556
31560
31568
31584
31618
31620
31624
31632
31648
31680
31786
31788
31794
31796
31800
31818
31820
31826
31828
31832
31842
31844
31848
31856
31882
31884
31890
31892
31896
31906
31908
31912
31920
31938
31940
31944
31952
31968
32010
32012
32018
32020
32024
32034
32036
32040
32048
32066
32068
32072
32080
32096
32130
32132
32136
32144
32160
32192
32266
32268
32274
32276
32280
32290
32292
32296
32304
32322
32324
32328
32336
32352
32386
32388
32392
32400
32416
32448
32514
32516
32520
32528
32544
32576
32640
