109226
109228
109234
109236
109240
109258
109260
109266
109268
109272
109282
109284
109288
109296
109354
109356
109362
109364
109368
109386
109388
109394
109396
109400
109410
109412
109416
109424
109450
109452
109458
109460
109464
109474
109476
109480
109488
109506
109508
109512
109520
109536
109738
109740
109746
109748
109752
109770
109772
109778
109780
109784
109794
109796
109800
109808
109866
109868
109874
109876
109880
109898
109900
109906
109908
109912
109922
109924
109928
109936
109962
109964
109970
109972
109976
109986
109988
109992
110000
110018
110020
110024
110032
110048
110122
110124
110130
110132
110136
110154
110156
110162
110164
110168
110178
110180
110184
110192
110218
110220
110226
110228
110232
110242
110244
110248
110256
110274
110276
110280
110288
110304
110346
110348
110354
110356
110360
110370
110372
110376
110384
110402
110404
110408
110416
110432
110466
110468
110472
110480
110496
110528
111274
111276
111282
111284
111288
111306
111308
111314
111316
111320
111330
111332
111336
111344
111402
111404
111410
111412
111416
111434
111436
111442
111444
111448
111458
111460
111464
111472
111498
111500
111506
111508
111512
111522
111524
111528
111536
111554
111556
111560
111568
111584
111786
111788
111794
111796
111800
111818
111820
111826
111828
111832
111842
111844
111848
111856
111914
111916
111922
111924
111928
111946
111948
111954
111956
111960
111970
111972
111976
111984
112010
112012
112018
112020
112024
112034
112036
112040
112048
112066
112068
112072
112080
112096
112170
112172
112178
112180
112184
112202
112204
112210
112212
112216
112226
112228
112232
112240
112266
112268
112274
112276
112280
112290
112292
112296
112304
112322
112324
112328
112336
112352
112394
112396
112402
112404
112408
112418
112420
112424
112432
112450
112452
112456
112464
112480
112514
112516
112520
112528
112544
112576
112810
112812
112818
112820
112824
112842
112844
112850
112852
112856
112866
112868
112872
112880
112938
112940
112946
112948
112952
112970
112972
112978
112980
112984
112994
112996
113000
113008
113034
113036
113042
113044
113048
113058
113060
113064
113072
113090
113092
113096
113104
113120
113194
113196
113202
113204
113208
113226
113228
113234
113236
113240
113250
113252
113256
113264
113290
113292
113298
113300
113304
113314
113316
113320
113328
113346
113348
113352
113360
113376
113418
113420
113426
113428
113432
113442
113444
113448
113456
113474
113476
113480
113488
113504
113538
113540
113544
113552
113568
113600
113706
113708
113714
113716
113720
113738
113740
113746
113748
113752
113762
113764
113768
113776
113802
113804
113810
113812
113816
113826
113828
113832
113840
113858
113860
113864
113872
113888
113930
113932
113938
113940
113944
113954
113956
113960
113968
113986
113988
113992
114000
114016
114050
114052
114056
114064
114080
114112
114186
114188
114194
114196
114200
114210
114212
114216
114224
114242
114244
114248
114256
114272
114306
114308
114312
114320
114336
114368
114434
114436
114440
114448
114464
114496
114560
117418
117420
117426
117428
117432
117450
117452
117458
117460
117464
117474
117476
117480
117488
117546
117548
117554
117556
117560
117578
117580
117586
117588
117592
117602
117604
117608
117616
117642
117644
117650
117652
117656
117666
117668
117672
117680
117698
117700
117704
117712
117728
117930
117932
117938
117940
117944
117962
117964
117970
117972
117976
117986
117988
117992
118000
118058
118060
118066
118068
118072
118090
118092
118098
118100
118104
118114
118116
118120
118128
118154
118156
118162
118164
118168
118178
118180
118184
118192
118210
118212
118216
118224
118240
118314
118316
118322
118324
118328
118346
118348
118354
118356
118360
118370
118372
118376
118384
118410
118412
118418
118420
118424
118434
118436
118440
118448
118466
118468
118472
118480
118496
118538
118540
118546
118548
118552
118562
118564
118568
118576
118594
118596
118600
118608
118624
118658
118660
118664
118672
118688
118720
119466
119468
119474
119476
119480
119498
119500
119506
119508
119512
119522
119524
119528
119536
119594
119596
119602
119604
119608
119626
119628
119634
119636
119640
119650
119652
119656
119664
119690
119692
119698
119700
119704
119714
119716
119720
119728
119746
119748
119752
119760
119776
119978
119980
119986
119988
119992
120010
120012
120018
120020
120024
120034
120036
120040
120048
120106
120108
120114
120116
120120
120138
120140
120146
120148
120152
120162
120164
120168
120176
120202
120204
120210
120212
120216
120226
120228
120232
120240
120258
120260
120264
120272
120288
120362
120364
120370
120372
120376
120394
120396
120402
120404
120408
120418
120420
120424
120432
120458
120460
120466
120468
120472
120482
120484
120488
120496
120514
120516
120520
120528
120544
120586
120588
120594
120596
120600
120610
120612
120616
120624
120642
120644
120648
120656
120672
120706
120708
120712
120720
120736
120768
121002
121004
121010
121012
121016
121034
121036
121042
121044
121048
121058
121060
121064
121072
121130
121132
121138
121140
121144
121162
121164
121170
121172
121176
121186
121188
121192
121200
121226
121228
121234
121236
121240
121250
121252
121256
121264
121282
121284
121288
121296
121312
121386
121388
121394
121396
121400
121418
121420
121426
121428
121432
121442
121444
121448
121456
121482
121484
121490
121492
121496
121506
121508
121512
121520
121538
121540
121544
121552
121568
121610
121612
121618
121620
121624
121634
121636
121640
121648
121666
121668
121672
121680
121696
121730
121732
121736
121744
121760
121792
121898
121900
121906
121908
121912
121930
121932
121938
121940
121944
121954
121956
121960
121968
121994
121996
122002
122004
122008
122018
122020
122024
122032
122050
122052
122056
122064
122080
122122
122124
122130
122132
122136
122146
122148
122152
122160
122178
122180
122184
122192
122208
122242
122244
122248
122256
122272
122304
122378
122380
122386
122388
122392
122402
122404
122408
122416
122434
122436
122440
122448
122464
122498
122500
122504
122512
122528
122560
122626
122628
122632
122640
122656
122688
122752
123562
123564
123570
123572
123576
123594
123596
123602
123604
123608
123618
123620
123624
123632
123690
123692
123698
123700
123704
123722
123724
123730
123732
123736
123746
123748
123752
123760
123786
123788
123794
123796
123800
123810
123812
123816
123824
123842
123844
123848
123856
123872
124074
124076
124082
124084
124088
124106
124108
124114
124116
124120
124130
124132
124136
124144
124202
124204
124210
124212
124216
124234
124236
124242
124244
124248
124258
124260
124264
124272
124298
124300
124306
124308
124312
124322
124324
124328
124336
124354
124356
124360
124368
124384
124458
124460
124466
124468
124472
124490
124492
124498
124500
124504
124514
124516
124520
124528
124554
124556
124562
124564
124568
124578
124580
124584
124592
124610
124612
124616
124624
124640
124682
124684
124690
124692
124696
124706
124708
124712
124720
124738
124740
124744
124752
124768
124802
124804
124808
124816
124832
124864
125098
125100
125106
125108
125112
125130
125132
125138
125140
125144
125154
125156
125160
125168
125226
125228
125234
125236
125240
125258
125260
125266
125268
125272
125282
125284
125288
125296
125322
125324
125330
125332
125336
125346
125348
125352
125360
125378
125380
125384
125392
125408
125482
125484
125490
125492
125496
125514
125516
125522
125524
125528
125538
125540
125544
125552
125578
125580
125586
125588
125592
125602
125604
125608
125616
125634
125636
125640
125648
125664
125706
125708
125714
125716
125720
125730
125732
125736
125744
125762
125764
125768
125776
125792
125826
125828
125832
125840
125856
125888
125994
125996
126002
126004
126008
126026
126028
126034
126036
126040
126050
126052
126056
126064
126090
126092
126098
126100
126104
126114
126116
126120
126128
126146
126148
126152
126160
126176
126218
126220
126226
126228
126232
126242
126244
126248
126256
126274
126276
126280
126288
126304
126338
126340
126344
126352
126368
126400
126474
126476
126482
126484
126488
126498
126500
126504
126512
126530
126532
126536
126544
126560
126594
126596
126600
126608
126624
126656
126722
126724
126728
126736
126752
126784
126848
127146
127148
127154
127156
127160
127178
127180
127186
127188
127192
127202
127204
127208
127216
127274
127276
127282
127284
127288
127306
127308
127314
127316
127320
127330
127332
127336
127344
127370
127372
127378
127380
127384
127394
127396
127400
127408
127426
127428
127432
127440
127456
127530
127532
127538
127540
127544
127562
127564
127570
127572
127576
127586
127588
127592
127600
127626
127628
127634
127636
127640
127650
127652
127656
127664
127682
127684
127688
127696
127712
127754
127756
127762
127764
127768
127778
127780
127784
127792
127810
127812
127816
127824
127840
127874
127876
127880
127888
127904
127936
128042
128044
128050
128052
128056
128074
128076
128082
128084
128088
128098
128100
128104
128112
128138
128140
128146
128148
128152
128162
128164
128168
128176
128194
128196
128200
128208
128224
128266
128268
128274
128276
128280
128290
128292
128296
128304
128322
128324
128328
128336
128352
128386
128388
128392
128400
128416
128448
128522
128524
128530
128532
128536
128546
128548
128552
128560
128578
128580
128584
128592
128608
128642
128644
128648
128656
128672
128704
128770
128772
128776
128784
128800
128832
128896
129066
129068
129074
129076
129080
129098
129100
129106
129108
129112
129122
129124
129128
129136
129162
129164
129170
129172
129176
129186
129188
129192
129200
129218
129220
129224
129232
129248
129290
129292
129298
129300
129304
129314
129316
129320
129328
129346
129348
129352
129360
129376
129410
129412
129416
129424
129440
129472
129546
129548
129554
129556
129560
129570
129572
129576
129584
129602
129604
129608
129616
129632
129666
129668
129672
129680
129696
129728
129794
129796
129800
129808
129824
129856
129920
130058
130060
130066
130068
130072
130082
130084
130088
130096
130114
130116
130120
130128
130144
130178
130180
130184
130192
130208
130240
130306
130308
130312
130320
130336
130368
130432
130562
130564
130568
130576
130592
130624
130688
130816
